4   3   2   3   4
3   2   1   2   3
2   1   0   1   2
3   2   1   2   3
4   3   2   3   4

2   1   0   1   2
1   1   0   1   1
0   0   0   0   0
1   1   0   1   1
2   1   0   1   2

0   0   0   0   0
0   5   4   2   0
0   0   1   1   0
0   0   0   0   0
0   0   0   0   0

304: -1,      -12   -2,  -13
147: -1, -11, -12
142: -1, -11, -12
133: -1, -11, -12
122: -1, -11        -2
59:  -1,      -10
57:  -1, -9,  -10
54:  -1,      -9    -2
26:  -1,      -8

25: -1,         -8, -7
23: -1,     -2, -7
11: -1,         -6
10: -1,     -2, -5
5:  -1,         -4
4:  -1,     -2, -3
2:  -1,         -2

1:  -1
